1 chr13 18434010 18434524 l1me1c#line/l1                                                                     2704                          2183                          - 0.112 98 0
2 chr13 18434525 18434570 l1md1#line/l1,l1md2#line/l1                                                        2387,2245                     2331,2189                     - 0.330 97 0
1 chr13 18434571 18434615 l1mc5#line/l1                                                                      2067                          2018                          - 0.361 96 0
2 chr13 18434616 18434759 l1me1cc#line/l1,l1mc3#line/l1                                                      2668,2291                     2530,2153                     - 0.116 95 0
1 chr13 18434776 18434920 l1me1c#line/l1                                                                     1367                          1199                          - 0.248 94 0
1 chr13 18434921 18435075 l1mb8#line/l1                                                                      1726                          1576                          - 0.408 93 0
1 chr13 18435076 18435736 l1me1c#line/l1                                                                     743                           34                            - 0.714 92 0
1 chr13 18435743 18435960 l2c#line/l2                                                                        3037                          3289                          + 0.269 91 0
1 chr13 18435961 18436070 l2a#line/l2                                                                        3312                          3427                          + 0.430 90 0
1 chr13 18436227 18436531 aluy#sine/alu                                                                      2                             303                           + 0.042 89 0
2 chr13 18436797 18437027 l1me4a#line/l1,l1me4ab#line/l1                                                     6118,6131                     5873,5886                     - 0.163 88 0
1 chr13 18438045 18438100 l1me3b#line/l1                                                                     5616                          5563                          - 0.083 87 0
1 chr13 18438101 18438320 l1mb7#line/l1                                                                      6146                          5926                          - 0.095 85 0
1 chr13 18438321 18438577 aluy#sine/alu                                                                      254                           0                             - 0.043 86 0
1 chr13 18438579 18439031 l1mb7#line/l1                                                                      5912                          5449                          - 0.106 85 0
1 chr13 18439034 18439296 l1pb4#line/l1                                                                      6519                          6780                          + 0.739 84 0
1 chr13 18439349 18439540 l1mb4#line/l1                                                                      6687                          6485                          - 0.369 83 0
1 chr13 18439545 18439621 mer3#dna/hat-charlie                                                               134                           210                           + 0.984 82 0
1 chr13 18439707 18440079 l2a#line/l2                                                                        2766                          3181                          + 0.311 80 0
1 chr13 18440144 18440293 alujo#sine/alu                                                                     280                           125                           - 0.094 81 0
1 chr13 18440294 18440467 l2a#line/l2                                                                        3227                          3426                          + 0.439 80 0
1 chr13 18440581 18441085 l1pa8#line/l1                                                                      4116                          3611                          - 0.127 78 0
1 chr13 18441086 18441378 alusx4#sine/alu                                                                    293                           1                             - 0.070 79 0
1 chr13 18441379 18441852 l1pa8#line/l1                                                                      3627                          3131                          - 0.140 78 0
1 chr13 18441871 18442242 l1pa8#line/l1                                                                      6113                          6484                          + 0.500 77 0
1 chr13 18442245 18442440 l1mc3#line/l1                                                                      4818                          5014                          + 0.145 76 0
4 chr13 18442441 18442716 l1ma9#line/l1,l1ma10#line/l1,l1ma8#line/l1,l1mb1#line/l1                           4576,5157,6046,4907           4883,5464,6353,5214           + 0.058 75 0
1 chr13 18442717 18443018 l1mc3#line/l1                                                                      5323                          5623                          + 0.075 74 0
1 chr13 18443056 18445692 l1pa5#line/l1                                                                      3524                          6162                          + 0.168 73 0
1 chr13 18446483 18446803 aluyj4#sine/alu                                                                    2                             311                           + 0.040 72 0
1 chr13 18447313 18447684 the1d#ltr/ervl-malr                                                                3                             382                           + 0.411 71 0
1 chr13 18447687 18447756 the1d-int#ltr/ervl-malr                                                            4                             73                            + 0.988 69 0
1 chr13 18447757 18447869 the1-int#ltr/ervl-malr                                                             223                           337                           + 0.651 70 0
1 chr13 18447870 18448895 the1d-int#ltr/ervl-malr                                                            445                           1471                          + 0.484 69 0
1 chr13 18449975 18450026 mer51d#ltr/erv1                                                                    501                           552                           + 0.995 68 0
1 chr13 18450140 18450437 alusq#sine/alu                                                                     3                             298                           + 0.077 67 0
1 chr13 18451005 18452068 mer11c#ltr/ervk                                                                    1066                          0                             - 0.815 66 0
1 chr13 18452273 18452553 alusq2#sine/alu                                                                    6                             286                           + 0.074 65 0
1 chr13 18452554 18452672 mirb#sine/mir                                                                      135                           8                             - 0.569 64 0
1 chr13 18452904 18453230 l1pa2#line/l1                                                                      6031                          5705                          - 0.304 63 0
6 chr13 18453231 18453659 l1hs#line/l1,l1pa2#line/l1,l1pa3#line/l1,l1pa4#line/l1,l1pa5#line/l1,l1pa6#line/l1 4656,4656,4779,4779,4795,4795 5082,5082,5205,5205,5221,5221 + 0.125 62 0
1 chr13 18454167 18454464 aluym1#sine/alu                                                                    296                           0                             - 0.043 61 0
1 chr13 18455485 18455765 charlie25#dna/hat-charlie                                                          2240                          2522                          + 0.567 60 0
1 chr13 18455803 18455964 alusp#sine/alu                                                                     14                            176                           + 0.112 59 0
1 chr13 18456977 18457176 mer30#dna/hat-charlie                                                              229                           0                             - 0.460 58 0
1 chr13 18457195 18457310 mer30#dna/hat-charlie                                                              117                           0                             - 0.813 57 0
1 chr13 18457329 18457444 mer30#dna/hat-charlie                                                              117                           0                             - 0.812 56 0
1 chr13 18457463 18457578 mer30#dna/hat-charlie                                                              117                           0                             - 0.813 55 0
1 chr13 18457597 18457712 mer30#dna/hat-charlie                                                              117                           0                             - 0.813 54 0
1 chr13 18457731 18457846 mer30#dna/hat-charlie                                                              117                           0                             - 0.813 53 0
1 chr13 18457865 18457980 mer30#dna/hat-charlie                                                              117                           0                             - 0.812 52 0
1 chr13 18458190 18458921 l1pa17#line/l1                                                                     6921                          6177                          - 0.180 51 0
1 chr13 18458922 18460968 l1pb4#line/l1                                                                      6041                          3933                          - 0.120 50 0
1 chr13 18460969 18461154 l1ma5#line/l1                                                                      4920                          5123                          + 0.055 48 0
1 chr13 18461160 18461446 aluy#sine/alu                                                                      290                           3                             - 0.034 49 0
1 chr13 18461447 18462658 l1ma5#line/l1                                                                      5110                          6375                          + 0.050 48 0
1 chr13 18462659 18463191 l1ma8#line/l1                                                                      6722                          7306                          + 0.090 47 0
1 chr13 18463203 18463427 l1ma8#line/l1                                                                      7390                          7652                          + 0.631 47 0
1 chr13 18464172 18464458 alusc#sine/alu                                                                     292                           6                             - 0.123 46 0
1 chr13 18465148 18465456 alusx4#sine/alu                                                                    2                             308                           + 0.054 45 0
1 chr13 18466080 18466166 l1ma2#line/l1                                                                      7522                          7608                          + 0.644 44 0
1 chr13 18466167 18466281 l1ma3#line/l1                                                                      7609                          7725                          + 0.512 43 0
1 chr13 18470060 18470395 l1mb1#line/l1                                                                      7                             346                           + 0.493 40 0
1 chr13 18470591 18470760 l1ma10#line/l1                                                                     905                           1078                          + 0.211 42 0
1 chr13 18470957 18471240 alujb#sine/alu                                                                     2                             289                           + 0.099 41 0
1 chr13 18471241 18471760 l1mb1#line/l1                                                                      1314                          1845                          + 0.049 40 0
1 chr13 18471777 18472394 l1mb1#line/l1                                                                      1959                          2604                          + 0.124 40 0
1 chr13 18472395 18472686 l1ma9#line/l1                                                                      2249                          2511                          + 0.117 34 0
1 chr13 18472687 18472988 aluy#sine/alu                                                                      5                             309                           + 0.040 39 0
1 chr13 18473014 18473302 alusx1#sine/alu                                                                    13                            310                           + 0.051 38 0
4 chr13 18473329 18473482 l1md1#line/l1,l1md2#line/l1,l1md3#line/l1,l1me1d2#line/l1                          3045,2903,3053,3053           3198,3056,3206,3206           + 0.088 37 0
4 chr13 18473483 18473576 l1ma7#line/l1,l1mb1de#line/l1,l1mb2#line/l1,l1mb3#line/l1                          3030,3801,3044,3044           3124,3895,3138,3138           + 0.130 36 0
1 chr13 18473577 18473908 l1ma9#line/l1                                                                      4398                          4745                          + 0.048 34 0
1 chr13 18473935 18474230 aluyj4#sine/alu                                                                    294                           1                             - 0.037 35 0
1 chr13 18474231 18474372 l1ma9#line/l1                                                                      5581                          5723                          + 0.065 34 0
1 chr13 18474376 18474668 alusp#sine/alu                                                                     2                             296                           + 0.232 33 0
1 chr13 18474669 18474964 l1mb2#line/l1                                                                      6059                          6375                          + 0.233 32 0
1 chr13 18475378 18475668 aluyj4#sine/alu                                                                    2                             295                           + 0.073 31 0
1 chr13 18475685 18475858 l1mb7#line/l1                                                                      1466                          1631                          + 0.110 30 0
1 chr13 18475859 18476023 l1ma8#line/l1                                                                      2722                          2874                          + 0.053 14 0
2 chr13 18476024 18476135 alujr4#sine/alu,alujr#sine/alu                                                     6                             116                           + 0.076 29 0
1 chr13 18476394 18476700 alusg7#sine/alu                                                                    4                             309                           + 0.177 28 0
1 chr13 18476718 18477079 l1ma8#line/l1                                                                      3218                          3591                          + 0.172 27 0
1 chr13 18477080 18477171 l1ma9#line/l1                                                                      2569                          2677                          + 0.239 26 0
2 chr13 18477172 18477250 alujr4#sine/alu,alujr#sine/alu                                                     7                             85                            + 0.124 25 0
1 chr13 18477251 18477622 l1ma8#line/l1                                                                      3609                          3998                          + 0.077 14 0
1 chr13 18477624 18477755 mstb1#ltr/ervl-malr                                                                431                           296                           - 0.451 24 0
1 chr13 18477756 18478035 mstb#ltr/ervl-malr                                                                 284                           0                             - 0.590 23 0
1 chr13 18478036 18478162 l1ma8#line/l1                                                                      3995                          4137                          + 0.090 14 0
1 chr13 18478166 18478453 alujr#sine/alu                                                                     2                             295                           + 0.092 22 0
1 chr13 18478454 18478592 l1ma8#line/l1                                                                      4111                          4255                          + 0.053 14 0
1 chr13 18478654 18479333 l1ma9#line/l1                                                                      4496                          5231                          + 0.060 21 0
1 chr13 18479334 18479614 l1mb4#line/l1                                                                      5848                          6143                          + 0.058 20 0
1 chr13 18480060 18480442 l1mb2#line/l1                                                                      5939                          6343                          + 0.279 18 0
1 chr13 18480444 18480731 alujo#sine/alu                                                                     287                           1                             - 0.118 19 0
1 chr13 18480732 18480786 l1mb2#line/l1                                                                      6330                          6384                          + 0.532 18 0
2 chr13 18481004 18481265 alusq#sine/alu,alusx1#sine/alu                                                     2                             262                           + 0.061 17 0
1 chr13 18481524 18481712 l1ma9#line/l1                                                                      472                           666                           + 0.565 16 0
1 chr13 18481717 18483804 l1ma9#line/l1                                                                      3939                          6083                          + 0.132 15 0
1 chr13 18483805 18483909 l1ma8#line/l1                                                                      7550                          7653                          + 0.349 14 0
1 chr13 18484457 18484537 l2c#line/l2                                                                        2926                          2846                          - 0.237 13 0
1 chr13 18485784 18485935 mer5a1#dna/hat-charlie                                                             164                           10                            - 0.867 12 0
1 chr13 18486091 18486308 l1mc4#line/l1                                                                      7240                          7464                          + 0.464 11 0
1 chr13 18486641 18486956 alusx1#sine/alu                                                                    306                           0                             - 0.059 10 0
1 chr13 18487811 18487972 mer5a1#dna/hat-charlie                                                             165                           3                             - 0.457  9 0
1 chr13 18488177 18488237 l2d#line/l2                                                                        3406                          3351                          - 0.807  8 0
1 chr13 18488238 18488322 mirc#sine/mir                                                                      210                           126                           - 0.284  7 0
1 chr13 18488358 18488655 alusp#sine/alu                                                                     293                           0                             - 0.263  6 0
1 chr13 18489435 18489480 l2c#line/l2                                                                        3282                          3327                          + 0.992  5 0
1 chr13 18490354 18490449 ltr23#ltr/erv1                                                                     436                           341                           - 0.674  4 0
1 chr13 18490450 18491666 ltr70#ltr/erv1                                                                     1211                          0                             - 0.798  3 0
1 chr13 18491667 18491725 mer67c#ltr/erv1                                                                    278                           219                           - 0.619  2 0
1 chr13 18492621 18492915 alusx1#sine/alu                                                                    2                             299                           + 0.056  1 0
1 chr13 18492953 18493263 alusp#sine/alu                                                                     309                           1                             - 0.178  0 0
1 chr13 18493625 18493786 l1pa4#line/l1 6153 5995 - 0.420 1 1
1 chr13 18493792 18493848 cer#satellite 38   97   + 1.000 0 1
1 chr13 18493852 18493915 cer#satellite 63 0 - 0.999 1 2
1 chr13 18493916 18494011 cer#satellite 95 0 - 1.000 0 2
